1877 1879
1878 1880
1879 1880
1880 1881
1875 1876
1873 1874
1871 1872
1869 1870
1867 1868
1865 1866
1863 1864
1861 1862
1859 1860
1857 1858
1855 1856
1853 1854
1851 1852
1849 1850
1847 1848
1845 1846
1843 1844
1841 1842
1839 1840
1837 1838
1835 1836
1833 1834
1831 1832
1829 1830
1827 1828
1825 1826
1823 1824
1821 1822
1819 1820
1817 1818
1815 1816
1813 1814
1811 1812
1809 1810
1807 1808
1805 1806
1803 1804
1801 1802
1799 1800
1797 1798
1795 1796
1793 1794
1791 1792
1789 1790
1787 1788
1785 1786
1783 1784
1781 1782
1779 1780
1777 1778
1775 1776
1773 1774
1771 1772
1769 1770
1767 1768
1765 1766
1763 1764
1761 1762
1759 1760
1757 1758
1755 1756
1753 1754
1751 1752
1749 1750
1747 1748
1745 1746
1743 1744
1741 1742
1739 1740
1737 1738
1735 1736
1733 1734
1731 1732
1729 1730
1727 1728
1725 1726
1723 1724
1721 1722
1719 1720
1717 1718
1715 1716
1713 1714
1711 1712
1709 1710
1707 1708
1705 1706
1703 1704
1701 1702
1699 1700
1697 1698
1695 1696
1693 1694
1691 1692
1689 1690
1687 1688
1685 1686
1683 1684
1681 1682
1679 1680
1677 1678
1675 1676
1673 1674
1671 1672
1669 1670
1667 1668
1665 1666
1663 1664
1661 1662
1659 1660
1657 1658
1655 1656
1653 1654
1651 1652
1649 1650
1647 1648
1645 1646
1643 1644
1641 1642
1639 1640
1637 1638
1635 1636
1633 1634
1631 1632
1629 1630
1627 1628
1625 1626
1623 1624
1621 1622
1619 1620
1617 1618
1615 1616
1613 1614
1611 1612
1609 1610
1607 1608
1605 1606
1603 1604
1601 1602
1599 1600
1597 1598
1595 1596
1593 1594
1591 1592
1589 1590
1587 1588
1585 1586
1583 1584
1581 1582
1579 1580
1577 1578
1575 1576
1573 1574
1571 1572
1569 1570
1567 1568
1565 1566
1563 1564
1561 1562
1559 1560
1557 1558
1555 1556
1550 1552
1551 1553
1552 1553
1553 1554
1548 1549
1471 1490
1471 1523
1472 1475
1472 1477
1472 1478
1472 1488
1472 1496
1472 1500
1472 1506
1472 1507
1472 1512
1472 1522
1472 1526
1472 1535
1472 1543
1472 1546
1472 1483
1472 1495
1473 1482
1473 1487
1473 1503
1473 1513
1473 1520
1473 1474
1473 1518
1474 1479
1474 1490
1474 1497
1474 1504
1474 1499
1475 1505
1475 1498
1475 1514
1476 1527
1476 1532
1476 1537
1476 1542
1476 1484
1477 1480
1477 1505
1477 1517
1477 1529
1477 1531
1477 1508
1478 1496
1479 1489
1481 1534
1481 1547
1483 1545
1484 1485
1485 1491
1485 1492
1485 1494
1485 1501
1485 1502
1485 1539
1486 1511
1486 1523
1489 1515
1493 1502
1493 1516
1493 1503
1495 1538
1498 1521
1499 1508
1503 1525
1509 1540
1510 1530
1510 1540
1510 1541
1510 1517
1512 1536
1514 1547
1515 1524
1517 1533
1518 1519
1520 1528
1522 1544
592 595
592 596
592 601
592 618
592 657
592 658
592 666
592 689
592 703
592 705
592 746
592 780
592 797
592 807
592 876
592 888
592 924
592 1021
592 1026
592 1046
592 1134
592 1212
592 1232
592 1262
592 1305
592 1371
592 1409
592 1411
592 1439
592 962
592 633
592 1079
592 1126
592 669
592 632
592 686
592 600
593 597
593 646
593 660
593 723
593 731
593 851
593 895
593 1011
593 1136
593 1162
593 1286
593 1330
593 1435
593 1082
593 1296
593 752
594 596
594 597
594 601
594 602
594 610
594 614
594 615
594 634
594 655
594 680
594 685
594 696
594 772
594 809
594 815
594 819
594 847
594 894
594 929
594 931
594 984
594 1071
594 1078
594 1248
594 1287
594 1321
594 1350
594 1406
594 792
594 738
595 622
595 1111
595 710
596 605
596 688
596 799
597 623
597 754
597 835
597 858
597 883
597 1265
597 1327
597 1369
597 1451
597 872
597 923
598 619
598 1114
599 831
599 1028
599 1105
599 1442
599 785
600 1402
600 1423
600 771
600 636
600 652
601 615
601 641
601 663
601 664
601 700
601 751
601 763
601 774
601 789
601 834
601 845
601 869
601 946
601 985
601 1070
601 1112
601 1122
601 1153
601 1157
601 1163
601 1337
601 1416
601 1452
601 1093
602 639
602 654
602 1206
602 629
603 638
603 811
603 941
603 1209
603 1228
603 1322
603 1326
603 1354
603 1412
603 1426
603 1448
603 625
604 617
604 620
604 673
604 683
604 716
604 742
604 745
604 879
604 1001
604 1009
604 1033
604 1045
604 1049
604 1310
604 1364
604 1388
604 1421
604 613
604 712
604 1129
604 1301
605 608
605 639
605 660
605 764
605 822
605 928
605 1344
605 1414
605 606
606 840
606 1130
606 1324
606 1370
607 817
607 1091
607 1205
607 1272
607 1389
607 654
608 644
608 668
608 803
608 918
608 1089
608 1351
608 692
608 767
609 641
609 880
609 904
609 1222
609 1103
610 842
610 1241
610 1183
611 663
611 713
611 747
611 755
611 853
611 980
611 994
611 1047
611 1147
611 1166
611 1189
611 1194
611 1349
611 1378
611 955
611 1000
611 717
611 693
612 1093
612 1213
613 945
613 1055
613 1268
613 665
614 701
614 1094
614 1219
615 818
615 836
615 868
616 678
616 893
616 965
616 997
616 1041
616 1195
616 1289
616 1316
616 1359
616 1373
616 650
617 637
618 645
618 775
618 1095
619 649
619 739
619 741
619 919
619 954
619 1257
619 1276
619 1433
619 909
621 939
621 1085
621 1202
621 1453
621 635
621 801
622 659
622 836
622 873
622 977
622 1413
623 674
623 679
623 925
624 671
624 727
625 1113
626 718
626 793
626 1218
626 1275
626 1081
627 681
627 863
627 910
627 942
627 1217
627 1109
628 640
629 756
629 804
630 667
630 699
630 772
630 783
630 794
630 930
630 944
630 992
630 1154
630 1058
631 669
631 903
631 967
632 784
633 1277
633 1145
635 677
635 916
635 940
635 953
635 1419
636 761
636 881
636 991
637 1227
637 1346
637 1397
638 647
638 653
638 715
638 1002
638 1343
638 849
640 664
640 864
640 961
641 1027
641 1404
641 1148
642 861
642 1175
642 651
643 1165
645 901
645 905
646 659
646 833
646 902
646 1063
646 1104
646 1387
646 1455
646 1469
646 892
647 1030
648 838
650 1399
651 769
651 882
651 1161
651 1325
651 1377
652 714
652 743
652 1224
652 1013
653 1159
653 1315
653 1331
654 737
654 995
656 948
656 1312
656 1381
661 1077
661 1158
661 729
661 691
662 758
662 1216
664 1345
664 1394
665 927
666 730
667 1037
669 914
670 1156
670 1312
671 683
671 693
671 1025
671 1065
671 875
671 934
672 686
672 726
672 1247
672 1459
673 720
673 1052
673 1207
673 1310
673 1363
673 1463
673 1420
675 1138
675 1141
675 1179
675 1293
675 1436
675 1450
675 1226
675 1139
675 758
675 782
676 1230
676 773
677 741
677 778
677 788
677 790
677 915
677 1096
677 990
677 898
680 1280
680 1282
680 1319
680 1338
680 1467
680 885
682 780
682 1249
682 1289
684 806
684 1424
684 1420
686 1393
687 735
687 739
687 918
687 1270
687 1342
687 1468
687 824
688 846
688 1464
689 891
689 1267
689 795
690 1175
691 788
691 1269
692 830
693 887
694 700
694 759
694 777
694 974
694 1355
695 709
697 760
697 847
697 947
697 1231
697 1365
697 1060
698 800
698 1197
698 1408
699 1106
700 1313
700 1383
701 808
701 1174
702 1320
703 787
703 796
704 724
704 1131
704 1155
704 1302
706 802
706 1223
706 1417
706 781
706 1014
707 1144
707 1200
708 722
708 841
708 949
709 798
709 1273
710 1102
711 960
711 1176
712 750
712 1007
713 776
713 922
713 987
717 1220
717 860
719 734
719 1072
721 993
721 1022
722 1222
725 875
726 854
726 921
726 1034
726 1150
726 1238
726 1396
727 890
727 1184
728 825
728 1040
728 1294
728 749
728 1110
729 1088
730 1256
730 1283
730 1151
732 859
732 1311
733 785
733 870
736 974
736 1415
738 765
738 813
740 1079
740 1171
740 1291
740 1032
740 1022
741 1430
742 768
742 933
742 1379
743 976
743 1074
743 1382
744 909
745 832
747 1128
748 937
748 1264
748 1306
749 1214
750 1246
752 753
752 827
752 1048
752 1240
752 1375
754 1061
756 1006
756 1193
756 958
757 1024
757 1314
759 1066
759 820
760 812
760 1308
760 1318
761 1271
761 1068
762 951
762 981
762 996
762 1455
765 856
765 866
765 1149
766 989
767 1016
767 1050
768 936
768 1465
770 1194
771 1180
772 1100
773 820
773 1374
774 850
775 1182
776 902
776 1233
779 1413
781 1297
782 798
783 915
783 1353
785 1357
785 1382
786 966
786 1358
786 787
787 925
787 1053
787 1361
788 1434
790 1243
790 1454
791 1080
791 1110
792 1140
793 1119
793 1186
793 867
794 1181
795 1123
795 1274
795 862
798 1200
799 1336
801 906
801 1098
801 1392
802 953
803 871
803 1099
803 1120
805 926
805 1317
805 1346
807 1438
810 865
810 921
812 1008
812 1386
813 1261
814 1183
816 987
817 983
819 973
819 1010
819 1115
821 839
821 1041
822 1282
823 1160
824 1225
825 1351
826 1352
828 1062
828 832
829 897
829 874
834 1332
836 1044
837 1204
837 1422
838 1281
840 1029
840 1428
842 1107
842 1191
843 1039
843 1135
844 1255
844 891
846 1081
846 1290
847 1362
847 874
848 969
848 892
849 1237
849 1429
851 1292
851 1323
852 1267
855 935
857 1405
857 1434
857 938
859 988
859 1187
859 1124
860 1160
862 978
862 1005
864 960
867 1054
867 1456
870 1304
872 1043
873 911
875 1198
877 1024
877 1356
878 1051
879 900
879 1042
882 957
882 1124
883 1221
884 1245
884 1003
885 907
886 1118
886 1137
886 1323
889 983
889 1250
889 1279
891 930
891 932
891 1020
891 1298
892 1192
892 1457
896 1051
898 1165
899 1142
899 1229
899 1245
901 1292
902 913
902 1075
903 1366
907 943
908 972
908 970
908 1143
909 950
910 920
912 933
915 1235
916 971
916 1064
916 1090
917 1086
920 1328
923 1185
924 1334
924 1314
932 1253
934 1072
935 1116
935 1242
935 1443
937 982
937 1470
937 1311
937 998
938 1125
941 1335
942 1401
942 1406
945 1348
948 1170
951 1035
951 1146
952 986
955 963
956 1440
956 1466
956 1084
958 975
958 1376
959 968
959 1017
959 1141
961 1385
962 1056
962 1083
962 1164
962 1199
963 964
970 1004
970 1444
972 1210
972 1449
974 1010
974 1398
979 1018
979 1139
984 1031
984 1092
984 1278
986 1080
989 1012
989 1457
990 1263
991 1347
998 1087
999 1092
1000 1258
1003 1285
1007 1259
1008 1059
1008 1340
1010 1038
1010 1152
1010 1320
1012 1167
1013 1254
1014 1069
1015 1173
1016 1333
1019 1317
1023 1084
1023 1307
1023 1074
1024 1076
1024 1132
1025 1196
1026 1427
1031 1352
1032 1036
1032 1117
1037 1121
1039 1088
1039 1284
1039 1391
1039 1449
1043 1446
1050 1073
1050 1309
1051 1086
1051 1064
1057 1192
1057 1422
1058 1407
1060 1295
1064 1108
1064 1155
1064 1447
1065 1281
1067 1111
1068 1178
1071 1244
1075 1273
1075 1432
1080 1133
1082 1339
1085 1299
1088 1431
1092 1208
1092 1260
1095 1190
1097 1429
1101 1126
1101 1252
1103 1211
1109 1127
1117 1303
1117 1390
1126 1251
1129 1437
1143 1172
1143 1266
1145 1188
1148 1239
1149 1234
1149 1400
1149 1410
1151 1403
1155 1276
1157 1462
1158 1300
1166 1209
1168 1201
1168 1195
1169 1253
1173 1203
1173 1439
1177 1393
1192 1418
1197 1261
1215 1440
1219 1384
1225 1236
1226 1288
1236 1368
1240 1367
1242 1445
1242 1345
1245 1337
1252 1380
1264 1414
1266 1425
1290 1395
1296 1460
1301 1360
1312 1341
1327 1341
1329 1342
1342 1461
1356 1372
1431 1458
1432 1441
111 113
111 220
111 325
111 556
112 121
112 298
112 413
112 146
112 188
112 193
113 162
113 209
113 241
113 242
113 306
113 312
113 326
113 589
113 590
113 156
113 275
114 123
114 133
114 191
114 234
114 287
114 336
114 388
114 394
114 484
114 513
114 532
114 576
114 584
114 421
114 278
114 116
115 138
115 147
115 169
115 174
115 176
115 232
115 239
115 276
115 280
115 284
115 307
115 419
115 432
115 477
115 525
115 564
115 362
115 212
115 399
115 443
116 328
116 409
117 122
117 126
117 129
117 181
117 191
117 272
117 283
117 333
117 351
117 368
117 374
117 397
117 416
117 451
117 473
117 536
117 566
117 310
117 540
117 323
117 404
117 139
118 119
118 130
118 136
118 197
118 427
118 492
118 561
118 164
118 226
119 145
120 166
120 410
120 224
120 270
120 185
122 478
122 243
123 124
123 129
123 136
123 152
123 172
123 179
123 281
123 318
123 376
123 591
123 521
123 425
124 140
124 188
124 238
124 253
124 352
124 370
124 407
124 546
124 495
124 128
125 143
125 155
125 187
125 430
125 465
127 147
127 225
127 303
127 329
127 359
127 412
127 163
128 300
129 131
129 299
129 308
129 314
129 378
129 447
129 142
132 141
132 344
132 456
132 461
132 224
134 438
134 510
134 291
134 215
135 540
136 153
136 173
136 175
136 337
136 502
136 506
136 509
136 548
136 579
136 497
137 154
137 168
138 309
138 192
139 231
139 320
139 354
139 444
139 236
142 487
143 287
143 420
143 434
144 160
144 161
144 293
144 302
144 438
144 496
145 562
145 398
146 386
147 428
147 543
148 167
148 301
148 529
149 172
149 363
149 403
149 452
150 241
150 264
150 271
150 550
151 198
151 207
151 250
151 437
152 205
152 488
152 527
152 189
153 185
153 400
153 548
156 316
157 186
158 163
158 342
158 353
158 331
159 169
159 414
159 556
161 436
161 471
162 216
162 257
163 520
164 440
165 222
165 296
165 583
165 184
165 423
167 204
167 267
167 282
167 490
167 317
168 227
169 294
169 347
169 511
169 522
169 539
169 554
169 214
170 221
170 311
170 405
170 470
170 575
170 441
171 322
172 340
172 368
172 371
175 459
177 410
178 335
178 361
178 516
178 519
178 573
180 323
180 382
182 219
183 206
183 406
183 574
184 237
184 256
186 238
189 330
189 453
189 514
190 435
190 482
190 271
190 245
191 422
191 436
191 450
192 557
193 195
193 208
193 262
193 349
193 373
194 372
194 533
194 561
195 246
195 277
195 355
195 366
195 580
196 213
196 380
196 395
196 505
197 360
197 242
199 363
200 463
200 202
200 552
201 295
201 581
201 290
202 383
203 404
203 528
205 207
205 467
205 544
205 458
206 429
207 223
207 364
207 415
208 218
210 268
210 348
210 391
210 230
211 528
212 578
213 259
214 499
215 380
215 526
215 531
216 217
216 401
216 474
217 313
218 390
218 233
219 365
219 445
219 423
219 367
219 245
220 346
221 274
226 265
227 375
227 459
228 411
228 587
229 275
230 392
230 290
231 289
233 273
235 300
236 254
236 393
239 345
240 244
240 332
240 567
240 317
240 565
243 269
243 334
243 341
244 248
244 315
247 466
247 483
247 321
247 464
247 315
249 260
250 288
250 442
250 260
251 587
251 318
252 529
255 505
258 325
261 305
262 408
262 524
263 565
264 350
266 507
266 297
270 558
274 393
278 339
279 310
279 559
281 541
281 402
281 406
283 426
285 458
286 364
287 343
287 433
288 515
290 379
290 305
291 568
292 396
292 421
297 430
297 479
304 377
306 517
312 523
319 489
319 337
321 585
322 443
322 469
322 381
324 500
324 352
324 446
326 464
327 420
328 572
331 369
331 537
338 365
342 379
348 504
348 542
351 455
352 358
356 568
357 481
357 454
358 448
362 501
363 434
367 439
367 457
368 472
371 498
374 387
374 431
374 535
374 424
375 468
377 484
379 530
381 480
381 547
384 446
385 477
389 418
391 462
392 460
398 551
399 555
402 534
402 538
405 545
409 552
410 549
412 494
412 503
415 563
417 448
418 521
421 582
424 449
425 454
432 560
433 493
435 516
438 476
438 577
441 553
462 486
462 512
462 518
471 570
475 495
479 485
481 491
497 508
505 588
520 569
521 571
555 586
0 12
0 33
0 52
0 64
0 10
1 9
1 97
1 29
2 27
2 35
2 36
2 73
2 90
2 8
2 37
3 4
3 5
3 13
3 38
3 74
3 86
3 46
4 48
4 54
4 56
4 16
4 69
5 11
5 27
5 72
5 75
5 110
5 71
5 20
6 61
6 80
7 68
8 51
9 14
10 67
10 87
10 107
10 90
12 60
12 66
13 89
13 98
13 58
13 15
14 25
14 28
14 23
15 42
15 80
16 53
16 76
16 83
16 103
16 109
16 32
16 68
17 45
18 54
19 41
20 26
21 82
21 31
21 47
22 79
23 57
23 99
24 58
25 48
25 94
25 50
27 79
28 104
28 63
29 30
29 44
31 34
31 37
31 95
32 59
38 101
39 77
39 81
39 98
39 55
40 43
41 86
42 49
43 47
44 62
44 105
45 92
45 55
46 88
46 96
50 65
57 108
60 106
63 100
64 70
69 85
69 78
71 91
78 84
93 97
102 107
