1877 1881
1878 1880
1879 1881
1879 1880
1875 1876
1873 1874
1871 1872
1869 1870
1867 1868
1865 1866
1863 1864
1861 1862
1859 1860
1857 1858
1855 1856
1853 1854
1851 1852
1849 1850
1847 1848
1845 1846
1843 1844
1841 1842
1839 1840
1837 1838
1835 1836
1833 1834
1831 1832
1829 1830
1827 1828
1825 1826
1823 1824
1821 1822
1819 1820
1817 1818
1815 1816
1813 1814
1811 1812
1809 1810
1807 1808
1805 1806
1803 1804
1801 1802
1799 1800
1797 1798
1795 1796
1793 1794
1791 1792
1789 1790
1787 1788
1785 1786
1783 1784
1781 1782
1779 1780
1777 1778
1775 1776
1773 1774
1771 1772
1769 1770
1767 1768
1765 1766
1763 1764
1761 1762
1759 1760
1757 1758
1755 1756
1753 1754
1751 1752
1749 1750
1747 1748
1745 1746
1743 1744
1741 1742
1739 1740
1737 1738
1735 1736
1733 1734
1731 1732
1729 1730
1727 1728
1725 1726
1723 1724
1721 1722
1719 1720
1717 1718
1715 1716
1713 1714
1711 1712
1709 1710
1707 1708
1705 1706
1703 1704
1701 1702
1699 1700
1697 1698
1695 1696
1693 1694
1691 1692
1689 1690
1687 1688
1685 1686
1683 1684
1681 1682
1679 1680
1677 1678
1675 1676
1673 1674
1671 1672
1669 1670
1667 1668
1665 1666
1663 1664
1661 1662
1659 1660
1657 1658
1655 1656
1653 1654
1651 1652
1649 1650
1647 1648
1645 1646
1643 1644
1641 1642
1639 1640
1637 1638
1635 1636
1633 1634
1631 1632
1629 1630
1627 1628
1625 1626
1623 1624
1621 1622
1619 1620
1617 1618
1615 1616
1613 1614
1611 1612
1609 1610
1607 1608
1605 1606
1603 1604
1601 1602
1599 1600
1597 1598
1595 1596
1593 1594
1591 1592
1589 1590
1587 1588
1585 1586
1583 1584
1581 1582
1579 1580
1577 1578
1575 1576
1573 1574
1571 1572
1569 1570
1567 1568
1565 1566
1563 1564
1561 1562
1559 1560
1557 1558
1555 1556
1551 1554
1551 1553
1552 1553
1549 1550
1509 1511
1510 1516
1510 1521
1510 1523
1510 1536
1510 1540
1511 1526
1511 1528
1511 1518
1511 1529
1512 1513
1512 1514
1512 1520
1512 1525
1512 1527
1512 1530
1512 1519
1513 1543
1515 1522
1515 1535
1516 1523
1516 1533
1516 1535
1516 1542
1517 1531
1517 1541
1518 1524
1518 1534
1518 1539
1519 1529
1521 1527
1521 1531
1521 1544
1521 1547
1523 1532
1525 1546
1528 1537
1528 1538
1528 1548
1531 1545
1472 1475
1472 1477
1472 1479
1472 1484
1472 1478
1472 1497
1473 1485
1473 1487
1473 1488
1473 1499
1473 1501
1473 1502
1473 1506
1473 1508
1473 1493
1474 1476
1474 1494
1474 1495
1474 1507
1475 1492
1475 1503
1475 1508
1477 1481
1477 1482
1478 1490
1479 1491
1479 1496
1479 1505
1479 1480
1480 1486
1482 1489
1483 1490
1490 1500
1493 1498
1494 1498
1497 1504
1423 1425
1423 1442
1423 1450
1423 1462
1423 1428
1424 1425
1425 1427
1425 1432
1425 1435
1425 1445
1425 1452
1425 1453
1425 1456
1425 1441
1426 1449
1426 1442
1426 1436
1427 1433
1427 1459
1427 1431
1428 1430
1428 1434
1428 1465
1428 1458
1429 1431
1429 1439
1429 1457
1429 1454
1430 1438
1430 1451
1431 1444
1431 1448
1431 1440
1433 1437
1433 1443
1436 1446
1436 1463
1436 1471
1439 1464
1440 1455
1441 1447
1443 1466
1443 1460
1449 1469
1454 1467
1458 1461
1460 1470
1464 1468
0 28
0 29
0 335
0 414
0 660
0 684
1 33
1 35
1 45
1 66
1 149
1 168
1 224
1 264
1 294
1 311
1 339
1 424
1 497
1 746
1 893
1 1072
1 1100
1 1326
1 1347
1 483
1 1048
1 776
2 4
2 12
2 13
2 15
2 20
2 93
2 103
2 251
2 360
2 369
2 431
2 442
2 459
2 522
2 554
2 570
2 729
2 753
2 951
2 972
2 983
2 997
2 1146
2 1148
2 1177
2 1228
2 1271
2 1323
2 1325
2 1360
2 1409
2 903
2 1405
2 783
2 657
2 217
3 4
3 24
3 32
3 63
3 136
3 191
3 231
3 235
3 265
3 299
3 368
3 533
3 566
3 744
3 764
3 840
3 856
3 908
3 1051
3 1091
3 1107
3 1125
3 1140
3 1152
3 1163
3 1168
3 1198
3 1201
3 1288
3 1312
3 1321
3 668
3 225
3 232
3 640
3 236
4 7
4 12
4 90
4 116
4 290
4 314
4 333
4 510
4 596
4 697
4 912
4 950
4 989
4 1054
4 1077
4 1101
4 1184
4 1189
4 1267
4 1334
4 206
4 114
5 23
5 54
5 58
5 62
5 121
5 191
5 312
5 370
5 460
5 541
5 579
5 849
5 1178
5 1404
5 128
5 185
5 359
5 354
6 14
6 36
6 107
6 140
6 250
6 371
6 453
6 454
6 484
6 516
6 626
6 785
6 1252
6 802
7 151
7 436
7 437
7 494
7 700
7 710
7 934
7 1120
7 1278
7 65
8 82
8 222
8 402
8 514
8 792
8 809
8 1236
8 100
8 478
8 316
9 179
9 182
9 239
9 367
9 452
9 553
9 558
9 613
9 773
9 954
9 970
9 1023
9 1215
9 670
9 539
9 564
10 11
10 18
10 95
10 135
10 162
10 474
10 662
10 650
11 49
11 200
11 276
11 282
11 345
11 403
11 500
11 577
11 743
11 1053
11 1111
11 1238
11 1415
11 173
11 361
11 87
11 636
11 1411
12 64
12 110
12 480
12 927
12 986
12 1319
12 1365
13 258
13 1022
13 1055
13 1176
14 73
14 589
14 625
14 171
15 156
15 157
15 321
15 358
15 530
15 978
15 1401
15 1154
15 531
16 198
16 237
16 472
16 838
16 876
16 1309
16 625
17 147
17 407
17 742
17 750
17 1025
17 1112
17 1133
17 1141
17 1217
17 1230
17 1302
17 1367
17 155
17 196
18 25
18 68
18 167
18 212
18 268
18 794
18 1265
18 463
18 1028
19 219
19 272
19 457
19 535
19 573
19 639
19 673
19 685
19 702
19 777
19 839
19 158
21 37
21 190
21 234
21 274
21 387
21 558
21 747
21 904
21 964
21 193
22 133
22 145
22 377
22 621
22 947
22 1016
23 228
23 298
24 674
24 1096
26 1262
26 104
26 346
27 306
27 412
27 540
27 545
27 679
27 738
27 772
27 775
27 971
27 1219
27 1316
27 124
27 1062
28 43
28 303
29 55
29 741
29 46
29 241
30 43
30 80
30 112
30 287
30 569
30 920
30 1393
30 560
31 766
31 1406
32 223
32 240
32 656
32 863
32 905
32 1248
32 1418
33 56
33 61
33 79
33 104
33 224
33 757
33 758
33 873
33 995
33 1171
34 50
34 164
34 208
34 468
34 1020
34 102
36 682
36 1264
37 467
37 489
38 122
38 131
38 172
38 329
38 813
38 996
38 1058
38 1159
39 195
39 910
39 171
39 438
40 71
40 253
40 1002
40 1076
40 1114
40 1338
40 51
41 118
41 139
41 548
41 550
41 614
41 726
41 732
41 994
41 1060
41 475
41 96
42 47
42 152
42 439
42 784
43 562
43 948
43 1210
43 1244
43 1379
43 59
44 654
44 1004
44 1084
44 1094
44 1179
44 69
44 1386
44 490
45 158
45 168
45 249
45 1410
45 292
45 461
46 961
47 323
47 337
47 1289
47 1331
47 210
48 199
48 374
48 1124
49 165
49 183
49 351
49 366
49 422
49 447
49 768
49 821
49 392
50 1392
51 127
51 624
51 854
51 1042
51 519
51 62
52 435
52 763
52 299
53 106
53 449
53 495
53 968
53 1142
53 328
55 181
55 186
55 350
55 88
56 144
57 75
57 101
57 197
57 273
57 1029
57 287
59 887
60 297
60 376
60 604
60 703
60 835
60 1115
61 378
61 1299
61 1310
61 1357
63 254
64 70
64 123
64 129
64 317
64 601
64 659
64 1108
64 1398
64 271
64 216
64 230
65 612
65 1253
66 408
66 211
66 770
67 132
67 214
67 1249
67 280
68 200
68 1127
68 949
69 429
69 597
69 1017
69 1260
69 348
69 138
70 110
70 319
70 320
70 448
70 523
70 622
70 1049
72 136
72 355
72 1234
73 638
73 888
73 987
73 1180
74 300
74 578
74 283
74 473
74 210
76 653
77 85
78 121
80 188
80 362
80 394
80 1117
80 1172
80 1369
81 322
82 201
82 711
82 1119
82 929
82 160
83 931
83 1385
84 105
84 360
84 423
84 1371
84 1413
85 720
85 1158
85 1132
86 140
86 349
86 816
87 647
87 1301
87 1387
87 709
88 1336
89 536
89 777
90 94
90 120
90 791
90 1395
90 1406
91 178
91 426
91 1089
91 1274
91 1308
92 371
94 652
95 96
95 146
95 418
95 445
95 842
95 1038
95 1039
95 1041
95 1241
97 260
97 1068
98 930
98 1231
98 648
98 456
98 207
99 410
99 1416
100 498
102 280
103 113
103 130
103 209
103 238
103 291
103 1300
103 1332
105 834
107 606
107 696
107 705
107 921
107 1149
107 288
108 389
108 567
108 757
108 1235
108 1384
108 404
109 285
109 610
109 801
109 1203
109 1304
111 604
111 1005
113 261
113 262
113 267
113 805
113 1081
113 256
114 615
114 967
115 379
115 471
115 1079
117 150
117 488
117 433
119 243
119 1038
120 1306
121 212
121 479
121 482
121 486
121 1400
121 444
123 443
123 664
123 900
123 1024
123 884
123 517
124 234
124 278
124 586
124 822
124 385
125 385
126 774
126 857
126 1169
126 1282
126 1303
128 326
128 985
129 551
129 1045
133 841
133 941
134 925
134 553
135 406
135 546
136 485
136 619
136 680
136 665
136 503
137 711
137 853
137 988
137 749
138 166
140 1220
141 175
141 593
141 742
142 571
142 722
142 855
142 1195
142 1386
142 184
143 281
143 400
143 1153
143 1298
144 1071
146 1157
146 1376
148 434
148 717
149 396
150 390
150 916
150 1030
150 1064
151 1116
151 827
152 940
152 861
153 244
153 455
153 790
153 1088
154 205
154 1176
155 332
156 1223
157 565
159 417
160 1175
160 663
161 313
161 334
161 1185
161 257
161 293
161 621
162 365
162 609
162 1026
163 1419
163 1028
167 812
167 1069
167 1159
167 255
167 909
167 521
168 180
168 699
169 189
169 397
169 487
170 435
170 466
173 441
174 728
174 1314
174 586
175 1225
175 1328
176 230
177 1178
177 296
179 215
181 239
184 471
184 1261
185 585
186 565
187 643
189 538
189 958
189 275
191 520
191 845
191 869
191 1089
192 231
192 736
192 881
193 245
193 1085
194 620
194 933
194 1375
196 491
196 542
196 1093
196 428
199 765
199 1182
199 748
202 221
202 826
202 564
203 213
204 657
206 721
207 799
208 209
208 446
208 782
208 1263
209 1019
209 1138
209 1227
210 1345
210 499
211 969
213 803
213 307
214 340
214 715
216 631
216 690
216 932
216 1388
216 731
217 242
217 798
218 987
219 1137
220 446
222 492
222 797
222 944
222 959
222 1061
222 1208
222 1010
224 386
224 388
224 496
224 502
224 761
224 906
224 1233
224 898
224 508
224 331
224 1339
225 580
225 594
225 643
226 1065
226 1112
227 692
227 648
228 895
229 504
229 1401
230 247
230 629
230 676
230 807
230 1135
230 1337
230 695
231 322
231 393
231 495
231 401
232 308
232 1011
233 343
233 661
233 963
233 991
233 820
233 263
233 484
234 611
234 756
236 965
237 1031
238 1239
238 946
239 598
239 1214
241 1165
242 793
244 1087
244 1279
246 582
246 998
246 266
248 751
248 1070
249 817
251 1209
252 1049
254 878
255 779
255 1099
255 1352
256 1348
257 356
257 398
259 325
259 1316
260 552
260 683
260 689
260 1052
260 526
260 533
262 872
262 1330
263 616
264 1324
265 432
265 563
265 762
265 1272
265 1281
266 877
269 936
269 830
270 1122
271 1353
273 706
273 1044
273 1092
273 681
275 525
276 336
276 767
276 1102
276 1199
277 769
277 833
277 1014
277 1350
278 555
279 295
279 352
279 353
279 365
279 440
279 745
279 1295
279 627
280 780
283 1317
283 1284
284 698
284 809
286 430
286 1003
286 1173
287 914
288 781
289 665
292 844
293 896
293 1161
294 1333
296 1126
299 744
299 1174
301 755
301 1033
301 591
302 503
303 1009
303 1046
303 687
304 531
305 411
305 859
307 837
307 874
308 1256
308 543
309 825
309 885
310 967
315 320
315 399
315 513
315 829
316 588
316 630
317 382
317 1040
317 787
318 961
319 527
319 645
320 943
321 464
321 591
321 658
321 1229
321 384
324 547
324 886
324 1355
324 339
327 409
327 458
327 477
327 814
327 982
327 989
327 1313
327 1380
328 666
330 803
331 488
331 1006
331 1106
331 1193
331 1290
335 1067
335 1366
335 534
338 952
338 1233
338 1327
341 695
342 1191
342 1311
342 518
344 612
346 815
347 1139
347 519
348 788
348 1273
351 843
351 1103
353 979
353 1113
353 1343
353 1344
354 918
356 404
357 911
357 1140
357 1242
359 966
360 769
361 581
363 890
363 729
364 599
364 880
364 1342
364 634
365 917
365 1204
371 701
371 974
371 1358
372 800
372 945
373 819
374 465
374 602
374 850
374 1377
374 1218
375 463
377 694
380 1240
380 1265
381 500
381 867
381 1066
381 1270
383 858
383 998
384 575
384 924
389 1056
389 607
391 473
391 549
392 723
392 831
395 505
395 834
396 1065
400 1199
401 493
401 823
401 837
401 935
403 528
403 572
405 415
405 716
408 1115
410 419
410 559
410 1043
411 1105
412 928
413 567
413 752
415 590
415 847
415 1280
416 576
417 868
417 895
417 587
418 1416
419 655
420 605
420 1153
421 960
421 1190
421 1300
423 583
425 825
427 645
428 942
430 824
433 561
435 1050
435 824
438 962
438 1027
444 1377
450 668
451 481
451 1275
451 1340
451 618
455 1285
455 1132
456 1250
457 1296
461 1268
462 642
462 704
462 1329
462 1378
462 490
467 506
467 919
467 956
467 865
469 628
469 922
469 1016
470 1008
470 505
473 623
473 806
475 1269
476 1024
477 1188
478 651
481 796
481 975
483 600
483 646
485 754
490 1036
490 1293
495 713
499 811
500 532
501 839
505 828
507 1317
508 789
508 1283
508 1128
509 1097
511 1041
512 1350
515 1382
515 898
517 644
518 1305
518 658
521 1015
522 1150
524 734
524 1013
524 1134
524 1177
526 883
528 617
529 1356
529 602
531 801
531 984
531 1412
534 1194
535 730
537 663
539 992
540 632
540 1285
543 1335
543 1391
544 938
546 693
547 1166
548 1370
549 1136
549 1388
549 717
556 1138
557 624
560 584
561 1147
562 608
562 760
562 980
568 949
570 958
570 1151
572 1145
574 977
575 1318
576 635
576 953
576 1244
584 1364
585 1291
587 1202
588 973
589 939
590 618
592 670
595 672
595 660
600 712
603 1402
604 1258
604 1354
607 1373
611 904
617 688
617 1408
618 1389
619 880
627 1349
627 1121
629 832
630 1222
633 659
634 671
636 1063
637 884
640 1183
641 823
648 937
649 800
650 735
652 885
653 1154
656 875
656 1192
658 851
667 1247
667 739
668 1385
669 933
669 1194
674 759
675 924
677 836
677 1052
677 1322
678 901
681 686
681 1277
683 691
683 1130
683 923
683 938
687 981
701 830
707 709
708 1359
711 718
711 1070
714 1045
718 1245
719 1034
719 1279
722 1186
724 1392
725 1393
727 767
729 1097
731 862
731 1110
733 1180
737 810
739 1012
739 1185
740 1348
744 897
748 818
749 1407
749 1414
753 891
753 1149
754 795
759 1200
766 1212
770 860
771 966
774 1136
774 1320
775 1095
776 1255
778 1387
783 1254
786 820
787 1237
794 819
797 1144
799 997
799 1032
799 1266
800 846
800 1157
802 1082
804 1420
804 870
808 1303
810 813
818 1341
818 1417
824 1083
827 1035
828 1156
829 1047
830 1170
836 1213
842 976
848 1284
848 1403
850 1131
852 1119
855 1078
855 1418
861 1000
863 1021
864 1023
865 1397
866 1315
868 1362
870 1287
870 1371
871 1197
871 957
874 1246
875 1307
878 892
879 902
879 1283
881 894
881 939
882 1035
889 890
892 1207
899 1259
901 1025
903 1196
907 1339
909 993
911 1205
913 946
914 926
915 1413
923 1007
925 1187
928 1129
929 1361
931 1162
943 1211
943 1399
948 1075
948 1090
955 1144
957 1043
977 1342
983 1105
985 990
998 1421
999 1212
1001 1370
1007 1086
1010 1328
1010 1286
1018 1368
1018 1123
1021 1143
1024 1155
1035 1257
1035 1374
1037 1103
1041 1167
1048 1118
1052 1216
1057 1073
1057 1109
1057 1312
1059 1286
1062 1292
1074 1389
1080 1307
1085 1381
1088 1181
1092 1422
1098 1110
1104 1405
1116 1224
1121 1372
1122 1373
1123 1407
1123 1315
1125 1383
1128 1221
1130 1363
1131 1243
1132 1259
1160 1218
1164 1419
1166 1251
1172 1297
1178 1367
1186 1359
1187 1206
1195 1226
1205 1340
1232 1375
1234 1281
1275 1276
1294 1351
1294 1390
1312 1421
1328 1394
1346 1411
1376 1390
1390 1396
1402 1403
