0 1
0 2
0 3
0 6
0 10
0 11
0 13
0 17
0 19
0 25
0 32
0 63
0 92
0 107
0 113
0 114
0 120
0 129
0 133
0 134
0 140
0 141
0 143
0 150
0 169
0 171
0 173
0 187
0 203
0 226
0 249
0 283
0 341
0 391
0 392
0 444
0 455
0 494
0 542
0 557
0 586
0 598
0 643
0 663
0 669
0 696
0 737
0 788
0 808
0 827
0 854
0 865
0 932
0 935
0 995
0 999
0 1031
0 1046
0 1057
0 1092
0 1113
0 1187
0 1193
0 1195
0 1198
0 1244
0 1262
0 1355
0 1381
0 1396
0 1476
0 1495
0 1545
0 1586
0 1642
0 1679
0 1722
0 1781
0 1783
0 1784
0 1816
0 1821
1 5
1 15
1 54
1 68
1 222
1 246
1 297
1 439
1 467
1 496
1 1267
1 1287
1 1362
1 1393
1 1468
1 1471
1 1641
1 1873
2 41
2 67
2 110
2 153
2 161
2 176
2 280
2 310
2 360
2 364
2 379
2 517
2 563
2 624
2 632
2 794
2 978
2 1100
2 1137
2 1299
2 1312
2 1513
2 1656
3 4
3 7
3 9
3 29
3 70
3 80
3 108
3 130
3 233
3 287
3 346
3 372
3 419
3 545
3 605
3 802
3 859
3 958
3 1173
3 1236
3 1320
3 1488
3 1623
3 1649
3 1699
3 1755
4 671
4 1165
5 8
5 22
5 35
5 47
5 64
5 99
5 126
5 132
5 172
5 208
5 285
5 308
5 314
5 345
5 427
5 451
5 466
5 470
5 492
5 498
5 500
5 783
5 864
5 870
5 961
5 966
5 1034
5 1075
5 1101
5 1128
5 1175
5 1276
5 1295
5 1305
5 1331
5 1359
5 1452
5 1580
5 1624
5 1652
5 1675
5 1707
5 1756
5 1787
5 1790
5 1870
6 16
6 27
6 33
6 39
6 45
6 55
6 128
6 159
6 168
6 239
6 247
6 255
6 276
6 277
6 333
6 363
6 389
6 408
6 535
6 582
6 629
6 763
6 890
6 1006
6 1265
6 1334
6 1413
6 1429
6 1481
6 1543
6 1587
6 1635
6 1645
6 1774
6 1825
6 1837
6 1876
7 44
8 20
8 21
8 28
8 42
8 196
8 356
8 396
8 443
8 515
8 518
8 626
8 694
8 757
8 826
8 919
8 923
8 1117
8 1277
8 1328
8 1436
8 1458
8 1524
8 1655
8 1810
9 12
9 24
9 26
9 34
9 142
9 149
9 183
9 231
9 236
9 241
9 301
9 343
9 378
9 434
9 577
9 595
9 1035
9 1104
9 1158
9 1206
9 1322
9 1339
9 1689
9 1791
10 312
10 905
11 53
11 69
11 83
11 109
11 219
11 302
11 334
11 354
11 373
11 503
11 553
11 666
11 767
11 850
11 1084
11 1134
11 1235
13 14
13 376
13 578
13 911
13 1601
14 23
14 106
14 217
14 220
14 234
14 273
14 288
14 385
14 429
14 461
14 571
14 681
14 989
14 1129
14 1256
14 1568
14 1638
14 1705
14 1732
14 1752
14 1808
14 1845
15 18
15 30
15 36
15 52
15 62
15 66
15 91
15 93
15 97
15 111
15 115
15 164
15 211
15 235
15 256
15 375
15 394
15 431
15 459
15 486
15 533
15 570
15 648
15 655
15 658
15 684
15 743
15 781
15 812
15 901
15 947
15 1004
15 1032
15 1094
15 1151
15 1211
15 1366
15 1489
15 1509
15 1576
15 1735
15 1761
15 1875
16 65
16 71
16 88
16 125
16 178
16 338
16 424
16 612
16 691
16 988
16 1061
16 1152
16 1453
17 116
17 892
17 1544
18 31
18 37
18 43
18 76
18 81
18 86
18 119
18 121
18 138
18 139
18 144
18 147
18 190
18 207
18 367
18 384
18 460
18 512
18 555
18 575
18 746
18 834
18 963
18 1002
18 1025
18 1338
18 1372
18 1391
18 1508
18 1646
19 526
19 534
19 592
21 1718
22 73
22 361
22 508
22 1282
23 48
23 85
23 154
23 484
23 1465
23 1550
24 38
24 40
24 50
24 136
24 146
24 205
24 260
24 355
24 359
24 371
24 410
24 495
24 531
24 683
24 759
24 872
24 907
24 1021
24 1124
24 1240
24 1258
24 1309
24 1376
24 1534
24 1618
24 1713
24 1785
25 174
25 580
25 664
25 920
25 996
25 1608
26 49
26 117
26 395
26 1028
26 1251
26 1266
27 51
27 58
27 778
27 1132
27 1416
27 1562
28 409
28 433
28 842
28 1166
28 1703
29 101
29 279
29 292
29 416
29 591
29 879
29 1013
29 1053
29 1459
29 1726
29 1767
30 242
30 267
30 558
30 699
30 908
30 1464
31 167
31 266
31 336
31 449
31 507
31 639
31 1058
31 1162
31 1505
31 1701
33 56
33 72
33 78
33 1201
33 1430
33 1812
34 77
34 201
34 339
34 613
34 817
34 1136
34 1516
34 1865
36 59
36 282
36 387
36 468
36 1414
37 46
37 60
37 163
37 368
37 374
37 962
37 1348
37 1578
38 61
38 87
38 623
38 710
38 741
38 916
38 1409
39 197
39 397
39 839
40 103
40 489
40 858
40 1184
40 1457
41 1033
41 1241
41 1307
41 1700
42 75
42 82
42 131
42 254
42 539
42 547
42 801
42 1361
42 1494
42 1517
42 1671
44 244
44 1315
44 1349
44 1651
45 330
45 559
47 262
47 805
47 917
47 1017
47 1199
48 152
48 243
48 491
48 521
48 697
48 1225
48 1346
48 1741
48 1780
49 708
49 877
49 1443
50 298
50 315
50 335
50 874
50 1185
50 1194
50 1585
51 184
51 202
51 322
51 954
51 960
52 299
52 381
52 815
52 849
52 1180
52 1221
52 1434
53 57
53 90
53 160
53 191
53 230
53 245
53 668
53 1345
53 1403
53 1478
55 1373
56 157
56 369
60 269
61 199
61 340
61 483
61 594
61 1126
62 96
62 127
62 523
62 572
62 702
62 950
62 1008
62 1398
63 738
63 1768
64 221
65 74
65 94
65 95
65 123
65 124
65 137
65 145
65 155
65 213
65 215
65 218
65 319
65 411
65 472
65 726
65 820
65 939
65 1125
65 1203
65 1454
65 1807
66 328
67 313
67 358
67 1496
67 1559
68 84
68 100
68 102
68 383
68 401
68 652
68 724
68 887
68 985
68 1059
68 1183
68 1599
68 1706
68 1777
71 224
71 264
71 1029
71 1365
72 579
73 79
73 768
73 1306
74 278
74 326
74 968
75 89
75 166
75 188
75 192
75 228
75 393
75 471
75 599
75 1218
75 1234
75 1512
76 98
76 170
76 654
76 885
76 1168
78 210
78 296
78 452
78 619
81 104
81 151
81 182
81 606
82 214
82 1695
83 122
83 206
83 261
83 349
83 723
83 1052
83 1081
83 1226
84 1427
85 240
85 774
85 810
85 910
85 975
85 1079
85 1356
85 1450
85 1654
85 1670
85 1711
85 1809
85 1814
88 744
89 216
90 118
90 425
92 1118
94 181
94 437
94 540
94 761
94 814
94 1011
94 1644
95 237
95 891
96 105
96 156
96 436
96 673
96 706
96 984
97 179
97 1102
98 263
98 621
98 1861
99 660
99 957
99 965
99 1451
99 1720
99 1850
101 135
101 1156
101 1274
101 1667
101 1686
102 148
103 112
103 742
103 1047
103 1368
103 1388
103 1806
104 204
104 404
104 426
104 479
104 493
104 576
104 596
104 620
104 836
104 1291
104 1439
105 270
106 185
107 604
107 855
107 1600
108 257
108 616
108 883
108 1048
108 1556
108 1674
110 200
110 223
110 733
110 739
110 925
110 1131
110 1383
111 295
111 722
111 930
111 1878
112 921
113 717
114 165
114 1554
115 530
115 709
118 189
118 229
118 272
118 353
118 402
118 1120
118 1172
118 1637
118 1643
118 1661
118 1710
118 1817
120 194
120 252
120 386
120 405
120 445
120 502
120 538
120 956
120 1003
120 1763
123 316
126 853
127 504
127 1583
128 318
128 525
128 678
128 900
128 976
128 994
128 1023
128 1590
128 1602
128 1621
131 175
131 453
133 415
135 212
135 320
135 327
135 554
135 784
136 423
137 688
137 829
139 238
139 275
139 1446
139 1609
142 519
142 574
142 1000
142 1818
143 365
143 641
143 847
143 1252
143 1466
143 1731
143 1801
144 198
144 516
144 888
144 1237
144 1255
144 1411
145 291
145 1069
147 158
147 350
147 597
149 422
149 1145
150 674
152 332
152 1170
153 180
153 232
153 485
153 685
153 845
153 1231
153 1280
153 1407
153 1625
153 1879
154 548
155 1281
156 162
156 186
156 193
156 505
156 851
156 1745
156 1789
156 1849
157 398
157 1070
157 1090
157 1389
157 1529
157 1747
158 289
158 510
158 564
158 1130
158 1444
158 1683
158 1811
158 1824
159 209
160 611
160 777
160 1014
161 1289
161 1596
163 447
163 631
163 1030
163 1186
163 1261
163 1530
164 622
164 700
164 1107
166 348
166 736
166 1245
166 1492
167 177
167 600
167 798
167 1547
167 1577
169 307
169 766
169 1020
169 1418
169 1473
170 414
170 522
170 856
170 1189
170 1209
171 253
171 417
171 478
172 776
173 305
173 457
173 633
173 863
173 987
173 1074
173 1379
173 1669
174 536
174 588
174 647
174 846
174 898
174 1062
174 1668
175 251
175 894
175 1531
177 195
177 370
177 1304
177 1390
178 1249
179 325
179 952
179 1441
180 1220
180 1836
184 258
184 366
184 893
184 1351
185 294
185 638
186 403
186 680
186 687
186 1239
186 1387
186 1426
187 693
187 1260
188 913
190 432
190 1140
190 1313
190 1724
191 306
191 309
191 646
194 720
196 248
196 1190
196 1572
197 1279
198 407
198 1881
199 1254
199 1378
200 227
200 274
200 290
200 949
200 1027
200 1499
202 593
203 428
203 550
203 584
203 728
203 927
203 1148
203 1324
203 1333
203 1834
204 265
204 342
204 474
204 1088
206 284
206 382
206 1610
207 317
207 735
207 1308
208 321
208 1363
209 456
209 1753
210 562
210 1734
211 1775
213 225
213 860
213 1437
214 300
214 672
216 430
217 511
219 480
219 773
219 1350
219 1535
220 800
220 1842
222 293
223 271
223 388
223 589
223 819
223 979
223 1370
224 268
224 897
224 1196
225 473
225 745
225 880
225 1343
226 303
226 442
226 813
226 852
228 329
228 528
232 1395
232 1793
233 734
233 765
233 899
233 1424
234 482
235 304
235 465
235 1055
235 1866
237 973
240 347
240 458
240 634
240 895
240 1051
240 1103
240 1150
240 1337
240 1455
242 250
242 281
242 509
242 705
242 1063
242 1108
242 1298
242 1677
243 881
243 1336
244 1169
244 1292
244 1692
245 607
246 501
246 1778
247 1311
248 1847
249 951
250 463
250 537
250 799
250 1606
252 1607
255 618
255 1702
256 922
256 964
256 1097
257 259
257 692
258 446
258 974
259 362
259 649
259 904
262 448
262 868
262 1408
263 608
264 541
264 804
265 1228
267 286
267 670
267 1462
269 324
269 331
269 337
269 532
269 1300
269 1352
269 1592
269 1640
271 656
271 1078
271 1160
271 1558
273 1447
273 1613
275 323
275 543
275 1872
276 357
278 1012
278 1794
281 945
282 1523
283 380
283 400
283 450
283 615
283 785
283 806
283 1472
289 750
290 499
290 1192
290 1412
291 940
295 549
298 412
298 421
298 661
298 786
298 1431
298 1740
299 822
299 902
299 1106
301 351
301 506
301 635
301 651
301 657
301 676
301 753
301 809
301 1224
301 1317
301 1364
301 1727
301 1795
302 344
302 406
302 418
302 731
302 1714
303 514
303 721
303 1838
306 311
306 352
306 377
306 524
306 544
306 830
306 844
306 1018
306 1111
307 828
307 1039
308 1560
309 835
309 1215
310 529
310 779
311 837
311 1557
312 513
313 556
313 749
314 399
314 413
314 1040
314 1501
314 1588
314 1672
315 1285
316 475
316 1219
316 1257
317 1841
318 440
318 1611
318 1723
319 1632
322 1264
322 1371
325 811
328 569
328 782
328 1015
330 1045
331 889
331 1329
333 843
334 789
334 1367
338 454
338 462
338 477
338 756
338 793
339 627
339 630
339 1043
339 1222
339 1303
339 1698
340 1123
340 1819
341 1056
341 1528
343 650
343 967
343 1197
346 1448
348 732
348 1122
348 1569
353 390
353 640
353 701
353 948
353 1042
353 1086
353 1159
353 1250
353 1375
353 1493
354 601
354 1357
355 1369
358 1207
358 1571
359 1314
362 1423
362 1805
364 561
365 487
365 825
366 1360
367 567
369 1139
372 573
372 758
373 435
373 934
375 1141
375 1769
376 875
378 840
380 490
380 980
380 1275
380 1717
381 469
381 712
381 760
382 481
382 867
382 986
384 1064
384 1399
385 1068
386 1001
387 609
390 918
390 1076
391 1121
391 1405
391 1691
394 552
395 838
400 795
402 689
402 718
402 1575
405 603
405 791
405 1024
406 587
406 703
406 857
406 903
406 1422
408 1673
411 420
411 441
411 1026
411 1749
412 497
413 438
413 476
413 585
413 1385
413 1574
416 637
416 803
416 1506
417 1664
419 659
419 915
419 992
423 617
423 946
423 1204
423 1463
423 1696
423 1829
424 644
424 790
424 1316
424 1406
426 1715
428 747
429 1438
429 1582
429 1798
431 546
431 581
431 928
431 1475
433 602
433 662
433 833
433 1619
438 1678
440 1247
445 565
445 1138
447 590
447 625
447 762
447 884
447 1497
448 730
448 770
454 1603
454 1772
457 520
457 924
457 1085
457 1595
458 464
458 566
459 716
459 871
459 896
459 1319
459 1688
460 1099
462 636
462 1177
462 1210
465 610
466 1857
468 1533
468 1815
469 816
469 1318
470 909
472 560
472 1217
472 1270
472 1377
472 1397
472 1687
475 628
477 488
477 970
477 1110
491 1526
492 686
492 1142
494 1009
499 583
502 527
504 1854
505 752
505 1154
505 1880
509 971
509 1404
512 754
512 764
512 780
513 787
515 775
515 929
516 614
516 653
516 707
516 711
516 729
516 769
516 1036
516 1335
522 1765
524 807
524 1242
525 977
527 869
528 1456
530 719
530 876
530 1144
531 551
532 568
535 821
535 1038
535 1739
537 1096
538 675
541 1010
542 944
542 1479
542 1483
543 645
543 1301
543 1676
546 715
548 1022
548 1065
548 1229
548 1867
551 682
551 1402
554 969
562 1302
562 1374
562 1515
562 1742
562 1851
563 1178
563 1188
563 1639
568 862
568 1482
569 713
570 1401
573 1116
574 1332
576 796
576 1214
577 1799
579 667
579 695
579 1636
581 1736
582 1164
583 714
583 831
583 993
583 1598
586 1467
587 1200
587 1631
588 1721
592 1830
594 679
597 1147
603 1163
607 1565
608 740
608 972
610 642
610 866
610 1202
610 1498
610 1833
615 955
615 1616
615 1622
615 1634
622 1549
622 1626
625 1269
625 1485
630 1268
631 1435
633 704
633 1491
636 677
636 906
638 936
638 1708
639 997
639 1091
640 873
641 1019
641 1073
641 1507
642 665
642 725
642 1532
649 797
649 818
651 1744
653 1253
654 1271
655 1119
659 748
660 1087
661 1044
663 933
664 1480
664 1827
669 886
669 1294
669 1420
671 727
673 771
678 942
680 690
680 832
680 1487
681 953
682 698
682 1758
683 755
684 824
684 861
684 1248
688 926
690 841
690 1296
691 772
694 1725
696 1146
701 1273
704 1153
704 1796
705 751
705 1564
705 1589
715 878
719 1839
722 1095
722 1182
722 1259
722 1868
725 931
730 943
730 982
730 1049
730 1223
730 1660
731 848
731 1659
733 941
733 1227
733 1500
734 882
735 937
735 1176
735 1846
737 1421
739 1573
747 1733
751 998
751 1570
751 1871
754 912
757 1115
762 1290
766 1658
769 1005
772 823
772 1593
773 792
773 1174
778 1157
782 1620
786 914
791 1080
791 1161
791 1181
791 1788
791 1859
793 1738
794 990
794 1614
795 1286
796 1831
799 1171
802 1737
804 1764
805 1098
805 1567
809 1820
811 1263
812 1133
813 1167
816 1490
823 959
832 1760
836 1477
836 1662
841 991
843 1863
849 1716
853 1077
857 1653
857 1759
861 1037
861 1105
861 1326
864 981
865 1551
872 1382
872 1392
873 1016
873 1358
873 1511
875 1216
876 1066
885 1135
885 1325
887 1112
897 983
901 1776
902 1060
906 1869
907 1521
908 1804
909 1630
909 1647
910 1089
910 1537
915 1605
916 1384
916 1432
917 1617
922 1054
922 1109
922 1561
927 1719
927 1852
930 938
935 1419
937 1394
942 1862
944 1082
945 1353
953 1684
954 1007
954 1050
963 1612
973 1321
974 1470
978 1272
979 1041
981 1628
986 1440
988 1757
992 1770
999 1858
1002 1354
1002 1400
1002 1417
1009 1155
1009 1525
1012 1072
1020 1278
1024 1143
1026 1205
1030 1629
1035 1067
1035 1213
1035 1246
1036 1663
1049 1594
1053 1297
1053 1541
1056 1071
1056 1127
1057 1685
1059 1230
1060 1877
1061 1283
1065 1293
1065 1633
1066 1591
1068 1093
1074 1083
1076 1518
1077 1445
1077 1484
1080 1327
1084 1460
1089 1310
1089 1469
1089 1514
1090 1114
1090 1380
1090 1442
1096 1208
1097 1773
1097 1779
1099 1330
1104 1191
1107 1340
1117 1864
1118 1212
1121 1527
1122 1597
1126 1666
1127 1680
1128 1474
1129 1386
1131 1288
1136 1238
1141 1520
1141 1627
1141 1665
1142 1449
1143 1179
1145 1503
1148 1149
1158 1243
1158 1486
1160 1681
1161 1510
1168 1730
1169 1519
1170 1233
1180 1232
1182 1771
1184 1323
1186 1553
1190 1341
1196 1694
1202 1766
1207 1344
1208 1848
1214 1540
1219 1342
1222 1682
1225 1826
1227 1538
1228 1539
1238 1822
1244 1650
1253 1802
1267 1425
1267 1584
1273 1284
1274 1504
1279 1428
1287 1762
1291 1581
1296 1347
1301 1579
1321 1546
1326 1843
1337 1782
1339 1522
1342 1410
1342 1461
1361 1844
1361 1856
1365 1832
1366 1751
1369 1415
1377 1754
1378 1566
1386 1860
1394 1690
1394 1697
1398 1828
1411 1657
1418 1542
1418 1615
1420 1800
1422 1433
1451 1743
1452 1555
1456 1502
1463 1704
1484 1548
1489 1536
1492 1709
1498 1748
1511 1792
1516 1604
1525 1563
1525 1840
1528 1693
1537 1728
1545 1797
1546 1552
1572 1750
1590 1648
1607 1855
1651 1813
1672 1712
1677 1803
1689 1746
1691 1729
1705 1823
1723 1874
1730 1786
1751 1835
1839 1853
