1877 1878
1877 1880
1877 1881
1878 1879
1875 1876
1873 1874
1871 1872
1869 1870
1867 1868
1865 1866
1863 1864
1861 1862
1859 1860
1857 1858
1855 1856
1853 1854
1851 1852
1849 1850
1847 1848
1845 1846
1843 1844
1841 1842
1839 1840
1837 1838
1835 1836
1833 1834
1831 1832
1829 1830
1827 1828
1825 1826
1823 1824
1821 1822
1819 1820
1817 1818
1815 1816
1813 1814
1811 1812
1809 1810
1807 1808
1805 1806
1803 1804
1801 1802
1799 1800
1797 1798
1795 1796
1793 1794
1791 1792
1789 1790
1787 1788
1785 1786
1783 1784
1781 1782
1779 1780
1777 1778
1775 1776
1773 1774
1771 1772
1769 1770
1767 1768
1765 1766
1763 1764
1761 1762
1759 1760
1757 1758
1755 1756
1753 1754
1751 1752
1749 1750
1747 1748
1745 1746
1743 1744
1741 1742
1739 1740
1737 1738
1735 1736
1733 1734
1731 1732
1729 1730
1727 1728
1725 1726
1723 1724
1721 1722
1719 1720
1717 1718
1715 1716
1713 1714
1711 1712
1709 1710
1707 1708
1705 1706
1703 1704
1701 1702
1699 1700
1697 1698
1695 1696
1693 1694
1691 1692
1689 1690
1687 1688
1685 1686
1683 1684
1681 1682
1679 1680
1677 1678
1675 1676
1673 1674
1671 1672
1669 1670
1667 1668
1665 1666
1663 1664
1661 1662
1659 1660
1657 1658
1655 1656
1653 1654
1651 1652
1649 1650
1647 1648
1645 1646
1643 1644
1641 1642
1639 1640
1637 1638
1635 1636
1633 1634
1631 1632
1629 1630
1627 1628
1625 1626
1623 1624
1621 1622
1619 1620
1617 1618
1615 1616
1613 1614
1611 1612
1609 1610
1607 1608
1605 1606
1603 1604
1601 1602
1599 1600
1597 1598
1595 1596
1593 1594
1591 1592
1589 1590
1587 1588
1585 1586
1583 1584
1581 1582
1579 1580
1577 1578
1575 1576
1573 1574
1571 1572
1569 1570
1567 1568
1565 1566
1563 1564
1561 1562
1559 1560
1557 1558
1555 1556
1548 1549
1548 1550
1548 1551
1548 1554
1549 1552
1550 1553
1534 1535
1534 1536
1534 1539
1534 1545
1535 1537
1535 1538
1535 1540
1535 1541
1535 1544
1535 1547
1541 1542
1541 1543
1542 1546
1526 1527
1526 1528
1526 1530
1527 1529
1528 1533
1530 1531
1531 1532
1341 1342
1341 1343
1341 1347
1341 1350
1341 1352
1341 1358
1341 1359
1341 1360
1341 1364
1341 1370
1341 1387
1341 1396
1341 1426
1341 1430
1341 1447
1341 1448
1341 1490
1341 1521
1342 1344
1342 1345
1342 1351
1342 1376
1342 1395
1342 1403
1342 1449
1342 1452
1342 1453
1343 1346
1343 1349
1343 1356
1343 1377
1343 1384
1343 1390
1343 1393
1343 1400
1343 1438
1343 1445
1343 1451
1343 1463
1343 1470
1343 1479
1343 1491
1343 1500
1345 1478
1346 1348
1346 1354
1346 1355
1346 1363
1346 1371
1346 1385
1346 1398
1346 1405
1346 1406
1346 1413
1346 1423
1346 1424
1346 1428
1346 1432
1346 1442
1346 1456
1346 1457
1346 1481
1347 1407
1347 1416
1348 1353
1348 1374
1348 1409
1348 1418
1348 1419
1349 1369
1350 1367
1350 1485
1352 1459
1352 1480
1353 1372
1353 1388
1353 1394
1353 1443
1354 1357
1354 1362
1354 1368
1354 1379
1354 1434
1354 1446
1354 1473
1354 1492
1354 1524
1355 1361
1355 1495
1355 1502
1355 1505
1356 1366
1357 1380
1357 1501
1357 1523
1358 1365
1358 1392
1359 1404
1359 1435
1361 1439
1361 1484
1362 1417
1362 1429
1363 1378
1363 1383
1363 1414
1363 1454
1363 1468
1363 1489
1364 1399
1364 1401
1364 1433
1364 1518
1365 1386
1366 1420
1366 1444
1368 1373
1369 1382
1369 1415
1369 1476
1373 1375
1373 1381
1373 1488
1374 1472
1374 1474
1375 1437
1377 1391
1377 1408
1377 1422
1377 1425
1377 1467
1377 1487
1377 1493
1378 1402
1378 1412
1383 1461
1384 1460
1384 1510
1384 1517
1384 1519
1385 1389
1389 1427
1389 1441
1389 1475
1392 1410
1393 1397
1393 1462
1395 1513
1401 1431
1402 1411
1402 1450
1402 1511
1403 1455
1408 1421
1409 1436
1415 1440
1415 1458
1416 1503
1420 1498
1420 1509
1423 1514
1428 1516
1430 1499
1430 1512
1433 1525
1435 1465
1437 1482
1437 1496
1441 1506
1443 1464
1443 1504
1447 1466
1447 1471
1447 1522
1451 1469
1453 1507
1463 1486
1464 1508
1467 1477
1467 1494
1479 1520
1482 1483
1490 1497
1505 1515
781 782
781 783
781 784
781 786
781 789
781 798
781 799
781 800
781 803
781 806
781 812
781 819
781 831
781 884
781 887
781 898
781 899
781 933
781 948
781 964
781 969
781 975
781 983
781 991
781 1022
781 1023
781 1032
781 1050
781 1062
781 1115
781 1119
781 1133
781 1166
781 1175
781 1185
781 1197
781 1237
781 1253
781 1257
781 1267
781 1270
781 1272
781 1285
781 1288
781 1326
782 871
782 1322
783 994
783 1155
783 1176
783 1188
784 785
784 787
784 793
784 796
784 822
784 847
784 930
784 1044
784 1054
784 1067
784 1070
784 1076
784 1102
784 1130
784 1210
784 1224
784 1249
784 1282
784 1337
785 917
785 1042
785 1131
785 1203
786 788
786 790
786 794
786 814
786 932
786 1025
786 1078
786 1250
786 1277
786 1284
786 1291
786 1296
787 795
787 802
787 804
787 855
787 867
787 986
787 996
787 997
787 1000
787 1013
787 1108
787 1294
787 1314
787 1319
788 792
788 801
788 805
788 808
788 810
788 823
788 837
788 845
788 881
788 889
788 895
788 905
788 958
788 961
788 965
788 978
788 1048
788 1086
788 1101
788 1143
788 1305
789 1242
790 791
790 813
790 848
790 857
790 883
790 891
790 1047
790 1091
790 1098
790 1183
790 1200
790 1328
790 1336
791 826
791 827
791 834
791 844
791 869
791 907
791 967
791 982
791 1081
791 1087
791 1097
792 797
792 807
792 818
792 836
792 843
792 1107
792 1139
793 824
793 925
793 959
794 830
794 854
794 872
794 943
794 998
794 1170
794 1205
794 1339
795 811
795 861
795 875
795 878
795 892
795 1007
795 1135
796 1082
797 850
797 904
797 984
797 987
797 999
797 1161
797 1206
798 809
798 825
798 866
798 885
798 946
798 1073
798 1159
798 1236
798 1308
800 1005
801 935
802 821
802 832
802 849
802 944
802 954
802 1196
802 1252
803 829
803 864
803 934
803 945
803 985
803 1080
804 1331
805 817
805 862
805 865
805 873
805 1009
805 1077
805 1093
805 1193
805 1214
807 815
807 868
807 952
807 1034
807 1177
807 1268
808 828
808 838
808 839
808 840
808 911
808 942
808 963
808 1019
808 1180
808 1321
809 1222
809 1240
810 816
811 880
811 988
811 1011
811 1020
811 1033
811 1152
812 1096
812 1154
813 900
813 940
813 1069
813 1083
813 1192
813 1333
814 856
814 977
814 1136
814 1212
814 1329
815 820
815 920
815 979
815 1310
816 1162
818 841
818 852
818 915
818 919
818 936
818 1057
818 1132
819 833
819 835
819 1004
819 1173
819 1178
820 914
820 1055
820 1226
821 972
821 1309
824 918
826 990
829 906
830 1043
830 1064
833 842
833 846
833 877
833 879
833 886
833 908
833 939
833 947
833 1036
833 1124
833 1229
833 1259
834 1156
835 1049
835 1271
837 1145
837 1304
837 1307
838 853
838 858
838 955
838 1006
838 1084
838 1121
838 1147
838 1174
838 1230
838 1279
840 1015
841 968
841 1106
841 1194
842 874
843 929
845 859
845 966
846 1088
847 860
847 863
847 903
847 921
847 1018
847 1063
847 1085
847 1116
848 870
849 902
850 851
850 1126
850 1256
850 1330
851 970
851 1216
853 1265
855 893
855 926
857 992
858 876
858 901
858 976
858 1179
859 890
859 894
859 1112
859 1221
863 928
863 962
863 995
863 1158
863 1164
863 1264
864 888
864 912
864 924
864 974
864 1041
864 1141
865 910
865 1045
865 1150
865 1255
866 897
866 1258
867 931
870 957
870 1027
870 1123
878 896
879 882
880 1189
881 1003
882 1001
883 913
883 941
883 1104
885 1302
886 937
887 950
889 1273
891 1026
891 1068
893 916
894 1012
894 1325
896 923
896 1039
897 971
898 960
899 909
899 1262
899 1332
903 1074
905 922
905 956
905 1010
905 1028
905 1052
905 1072
905 1122
905 1148
905 1172
905 1235
905 1239
905 1323
906 993
906 1058
906 1113
906 1223
907 980
907 1103
907 1300
910 1008
910 1171
910 1246
912 1029
913 927
913 1231
918 1014
920 951
920 1037
920 1060
920 1109
922 1195
923 938
923 1030
923 1157
923 1215
926 1092
940 949
940 1075
940 1128
941 1114
945 1140
945 1290
947 1016
951 973
952 953
953 1053
953 1340
957 1079
957 1191
958 981
958 1094
959 1281
962 1138
962 1320
970 1061
971 1181
976 989
976 1024
977 1002
977 1110
979 1144
980 1046
980 1261
981 1295
984 1035
984 1066
986 1099
986 1244
987 1017
989 1209
990 1149
990 1234
990 1247
990 1254
990 1297
998 1038
999 1292
1000 1335
1005 1125
1012 1120
1014 1065
1017 1059
1018 1021
1024 1241
1026 1031
1026 1095
1026 1146
1027 1040
1032 1187
1033 1233
1034 1071
1035 1213
1038 1324
1046 1051
1046 1184
1047 1056
1047 1090
1048 1153
1049 1127
1049 1251
1051 1089
1052 1186
1052 1232
1056 1207
1057 1238
1057 1276
1059 1243
1068 1142
1068 1151
1068 1168
1068 1208
1070 1118
1072 1211
1072 1283
1074 1105
1083 1111
1083 1129
1083 1201
1085 1117
1090 1263
1092 1100
1092 1315
1094 1317
1103 1278
1110 1227
1111 1134
1111 1137
1114 1219
1118 1190
1118 1228
1119 1245
1120 1218
1122 1165
1122 1287
1123 1160
1123 1199
1123 1260
1131 1202
1132 1167
1136 1301
1137 1198
1140 1293
1147 1204
1147 1312
1154 1289
1159 1163
1159 1225
1159 1338
1163 1169
1168 1220
1177 1182
1178 1217
1178 1266
1182 1316
1208 1313
1220 1334
1222 1275
1223 1306
1229 1327
1233 1269
1236 1280
1238 1318
1244 1248
1254 1286
1254 1311
1257 1298
1268 1274
1272 1299
1294 1303
0 1
0 2
0 7
0 16
0 19
0 21
0 39
0 45
0 48
0 51
0 53
0 60
0 70
0 105
0 112
0 150
0 212
0 250
0 256
0 281
0 285
0 287
0 288
0 295
0 307
0 371
0 407
0 410
0 445
0 459
0 461
0 508
0 520
0 556
0 560
0 572
0 573
0 594
0 601
0 610
0 739
1 3
1 4
1 5
1 6
1 8
1 12
1 28
1 31
1 50
1 61
1 86
1 87
1 90
1 96
1 103
1 127
1 136
1 142
1 148
1 162
1 186
1 195
1 197
1 202
1 210
1 214
1 223
1 244
1 245
1 272
1 290
1 294
1 310
1 317
1 321
1 330
1 340
1 385
1 473
1 479
1 481
1 518
1 547
1 550
1 565
1 571
1 613
1 633
1 636
1 664
1 675
1 712
1 721
1 750
1 757
2 10
2 74
2 284
2 671
2 755
2 761
3 331
3 617
3 716
5 9
5 11
5 13
5 23
5 24
5 30
5 33
5 37
5 49
5 55
5 59
5 65
5 102
5 117
5 143
5 157
5 215
5 226
5 227
5 237
5 254
5 261
5 322
5 328
5 379
5 384
5 392
5 395
5 398
5 487
5 542
5 608
5 614
5 651
5 661
5 683
5 708
5 710
5 768
5 780
6 129
6 342
7 291
7 319
7 329
7 363
7 532
7 537
7 589
7 667
7 698
8 15
8 26
8 27
8 42
8 124
8 233
9 57
10 575
11 71
11 372
11 693
12 14
12 40
12 63
12 100
12 170
12 173
12 177
12 298
12 308
12 383
12 779
13 17
13 20
13 67
13 69
13 101
13 131
13 219
13 228
13 230
13 240
13 458
13 684
13 749
13 759
14 32
14 36
14 41
14 85
14 113
14 116
14 138
14 220
14 519
14 681
14 775
15 18
15 25
15 35
15 58
15 111
15 169
15 171
15 194
15 201
15 274
15 277
15 292
15 344
15 394
17 93
17 530
19 97
19 144
19 159
19 259
19 517
19 668
20 46
20 52
20 66
20 72
20 73
20 336
20 354
20 507
20 584
20 672
20 770
21 22
21 34
21 190
21 282
21 476
21 484
21 604
22 62
22 75
22 421
22 450
22 765
24 47
24 123
24 151
24 243
24 306
24 666
25 29
25 54
25 154
25 269
25 536
25 597
26 533
28 56
28 297
28 370
29 81
29 146
29 158
29 185
29 286
29 309
29 436
29 460
29 609
29 625
29 674
29 766
29 774
30 82
30 88
30 99
30 128
30 213
30 492
31 44
31 122
31 135
31 301
31 368
31 444
31 475
31 670
34 43
34 68
34 79
34 134
34 141
34 163
34 239
34 253
34 299
34 314
34 408
34 523
34 579
35 179
35 189
35 467
36 89
37 38
37 246
37 420
37 694
38 446
39 657
40 139
40 187
40 375
40 741
41 92
41 470
43 84
43 225
43 304
43 576
43 602
45 577
45 732
46 412
47 78
49 126
50 76
50 403
52 64
52 80
52 196
52 312
52 345
52 409
52 632
53 118
53 132
54 106
54 147
54 278
54 315
54 346
54 404
54 546
54 581
55 401
55 583
56 198
56 541
59 538
59 706
59 737
60 130
60 137
60 335
60 352
62 155
62 587
64 83
64 232
65 107
65 305
65 742
66 77
66 91
66 110
66 115
66 176
66 208
66 267
66 353
66 390
67 121
67 265
67 289
67 430
67 432
67 437
67 469
67 482
68 270
68 320
69 531
71 362
71 443
73 438
74 746
75 399
76 747
79 184
79 207
79 313
79 358
79 643
80 217
80 641
80 733
83 95
84 178
85 552
86 181
86 199
86 209
86 235
86 283
86 296
86 397
87 94
87 108
87 337
88 109
88 203
89 98
89 323
89 414
90 167
90 364
90 423
90 557
90 701
90 705
90 718
91 133
91 489
92 247
92 255
92 263
92 378
92 405
95 504
96 268
96 377
96 435
96 590
97 104
97 120
97 715
97 752
98 145
99 180
103 258
104 325
105 348
106 153
106 174
106 234
106 562
106 663
107 114
109 165
109 413
109 727
109 738
109 773
110 343
111 160
111 592
112 188
112 725
115 119
115 260
115 280
115 332
115 365
115 419
115 553
117 218
117 411
117 646
118 125
118 257
118 273
118 300
118 490
118 771
119 249
121 182
121 191
121 350
121 389
121 477
121 516
121 658
122 149
122 276
123 367
123 369
123 514
124 205
124 620
126 655
127 156
127 193
127 231
127 252
127 448
127 497
127 543
128 248
130 453
131 251
132 172
132 275
132 406
132 566
134 302
134 730
136 629
137 161
137 266
137 311
137 326
137 357
137 495
137 534
137 703
138 140
138 166
138 175
138 499
138 567
138 719
139 192
141 316
141 347
141 400
141 510
141 704
144 152
144 229
145 355
145 360
146 164
148 605
149 168
154 564
156 648
156 711
157 665
157 769
161 238
166 279
167 568
168 242
168 424
169 338
169 356
169 380
169 626
172 341
172 729
173 200
173 221
173 222
173 428
173 457
173 753
174 751
175 525
176 349
176 686
177 183
179 211
180 682
183 690
183 760
185 442
185 650
187 216
189 570
189 619
189 653
191 502
193 452
194 707
195 262
198 206
198 506
200 271
202 204
202 764
204 224
204 241
205 236
205 418
207 264
209 630
209 720
211 638
214 449
218 318
218 426
218 429
218 544
221 366
221 439
222 431
224 555
230 466
231 486
231 754
234 391
237 374
237 505
240 333
241 474
242 293
242 339
245 493
252 645
254 509
256 501
258 569
258 598
258 611
260 713
260 717
260 740
261 381
267 387
270 415
272 324
272 535
276 491
276 515
277 777
280 303
283 465
283 559
287 382
287 679
292 334
292 455
297 327
297 513
300 512
300 578
300 640
302 351
302 593
307 422
307 463
316 561
318 724
319 659
321 433
321 622
323 388
323 580
324 778
327 529
329 595
329 618
333 361
333 471
333 498
334 548
336 454
340 376
340 644
340 700
348 539
349 540
352 359
354 762
358 425
361 451
361 728
362 654
363 677
365 656
365 660
366 396
366 511
367 526
372 373
372 386
372 441
372 635
372 731
374 402
374 676
375 416
376 500
378 468
379 488
379 603
380 599
381 427
381 662
383 527
384 393
387 503
387 673
390 417
390 528
392 624
395 549
397 480
398 616
399 464
402 440
407 612
408 456
409 600
410 485
410 524
411 494
414 669
415 685
418 588
419 447
419 483
424 551
424 691
426 607
428 434
428 688
428 776
433 591
449 462
451 586
460 634
460 723
463 623
464 478
464 554
465 472
465 596
465 639
469 680
469 726
476 582
477 628
477 748
483 496
489 652
490 585
497 647
509 522
509 545
509 615
513 521
518 702
519 697
525 772
527 745
533 563
533 734
537 744
538 574
541 558
541 687
542 637
547 709
550 714
554 696
559 743
563 649
563 678
563 692
584 631
588 621
595 606
603 627
607 695
609 767
619 722
622 689
626 642
637 758
640 699
672 736
699 756
715 763
734 735
