1877 1880
1877 1879
1878 1879
1878 1881
1875 1876
1873 1874
1871 1872
1869 1870
1867 1868
1865 1866
1863 1864
1861 1862
1859 1860
1857 1858
1855 1856
1853 1854
1851 1852
1849 1850
1847 1848
1845 1846
1843 1844
1841 1842
1839 1840
1837 1838
1835 1836
1833 1834
1831 1832
1829 1830
1827 1828
1825 1826
1823 1824
1821 1822
1819 1820
1817 1818
1815 1816
1813 1814
1811 1812
1809 1810
1807 1808
1805 1806
1803 1804
1801 1802
1799 1800
1797 1798
1795 1796
1793 1794
1791 1792
1789 1790
1787 1788
1785 1786
1783 1784
1781 1782
1779 1780
1777 1778
1775 1776
1773 1774
1771 1772
1769 1770
1767 1768
1765 1766
1763 1764
1761 1762
1759 1760
1757 1758
1755 1756
1753 1754
1751 1752
1749 1750
1747 1748
1745 1746
1743 1744
1741 1742
1739 1740
1737 1738
1735 1736
1733 1734
1731 1732
1729 1730
1727 1728
1725 1726
1723 1724
1721 1722
1719 1720
1717 1718
1715 1716
1713 1714
1711 1712
1709 1710
1707 1708
1705 1706
1703 1704
1701 1702
1699 1700
1697 1698
1695 1696
1693 1694
1691 1692
1689 1690
1687 1688
1685 1686
1683 1684
1681 1682
1679 1680
1677 1678
1675 1676
1673 1674
1671 1672
1669 1670
1667 1668
1665 1666
1663 1664
1661 1662
1659 1660
1657 1658
1655 1656
1653 1654
1651 1652
1649 1650
1647 1648
1645 1646
1643 1644
1641 1642
1639 1640
1637 1638
1635 1636
1633 1634
1631 1632
1629 1630
1627 1628
1625 1626
1623 1624
1621 1622
1619 1620
1617 1618
1615 1616
1613 1614
1611 1612
1609 1610
1607 1608
1605 1606
1603 1604
1601 1602
1599 1600
1597 1598
1595 1596
1593 1594
1591 1592
1589 1590
1587 1588
1585 1586
1583 1584
1581 1582
1579 1580
1577 1578
1575 1576
1573 1574
1571 1572
1569 1570
1567 1568
1565 1566
1563 1564
1561 1562
1559 1560
1557 1558
1555 1556
1545 1548
1545 1554
1546 1548
1546 1549
1547 1551
1548 1551
1549 1553
1550 1554
1551 1552
1524 1526
1524 1534
1525 1540
1525 1527
1526 1529
1526 1530
1526 1535
1526 1528
1527 1530
1527 1531
1528 1536
1528 1538
1529 1533
1529 1539
1531 1537
1532 1537
1533 1541
1533 1543
1535 1544
1539 1542
1365 1386
1365 1391
1365 1399
1365 1411
1365 1430
1366 1449
1366 1451
1366 1523
1366 1382
1366 1465
1367 1373
1367 1400
1367 1424
1367 1429
1367 1439
1367 1453
1367 1481
1367 1505
1367 1508
1367 1381
1367 1471
1367 1391
1368 1436
1368 1472
1368 1486
1368 1510
1368 1520
1369 1370
1369 1372
1369 1374
1369 1375
1369 1378
1369 1383
1369 1384
1369 1393
1369 1395
1369 1398
1369 1400
1369 1406
1369 1407
1369 1408
1369 1418
1369 1445
1369 1465
1369 1470
1369 1474
1369 1484
1369 1487
1369 1495
1369 1496
1369 1499
1369 1501
1369 1515
1369 1517
1369 1433
1370 1390
1370 1401
1371 1412
1371 1421
1371 1476
1371 1493
1371 1504
1371 1507
1371 1423
1372 1452
1372 1461
1372 1503
1373 1403
1373 1506
1375 1401
1376 1402
1376 1392
1377 1378
1377 1380
1377 1415
1377 1473
1377 1443
1378 1379
1378 1392
1378 1395
1378 1397
1378 1426
1378 1427
1378 1432
1378 1434
1378 1446
1378 1478
1378 1494
1380 1480
1381 1441
1381 1469
1382 1413
1383 1447
1384 1410
1384 1435
1384 1512
1385 1462
1385 1514
1387 1420
1387 1521
1388 1389
1388 1454
1388 1458
1390 1425
1390 1437
1390 1502
1392 1396
1392 1398
1392 1509
1393 1405
1393 1440
1393 1489
1394 1457
1394 1467
1394 1490
1394 1503
1399 1511
1400 1428
1403 1442
1403 1444
1403 1483
1403 1498
1403 1409
1404 1462
1404 1436
1409 1475
1411 1460
1411 1485
1413 1479
1414 1419
1414 1519
1414 1433
1415 1488
1416 1497
1416 1521
1417 1441
1420 1464
1421 1468
1421 1491
1421 1510
1421 1466
1421 1422
1422 1508
1423 1513
1423 1464
1429 1458
1429 1500
1431 1471
1432 1516
1432 1492
1437 1477
1438 1448
1438 1466
1443 1456
1443 1450
1447 1455
1450 1482
1456 1518
1458 1459
1463 1509
1492 1522
1032 1155
1032 1231
1032 1080
1032 1039
1033 1038
1033 1045
1033 1048
1033 1053
1033 1104
1033 1106
1033 1136
1033 1173
1033 1206
1033 1208
1033 1239
1033 1259
1033 1304
1033 1307
1033 1341
1033 1343
1033 1116
1034 1037
1034 1049
1034 1056
1034 1068
1034 1069
1034 1102
1034 1122
1034 1315
1034 1346
1034 1347
1034 1361
1034 1129
1034 1087
1035 1036
1035 1064
1035 1067
1035 1093
1035 1164
1035 1179
1035 1280
1035 1310
1035 1137
1035 1082
1036 1038
1036 1057
1036 1084
1036 1111
1036 1183
1036 1203
1036 1253
1036 1272
1036 1335
1037 1042
1037 1050
1038 1041
1038 1075
1038 1098
1038 1103
1038 1120
1038 1169
1038 1190
1038 1201
1038 1216
1038 1249
1038 1265
1038 1287
1038 1298
1038 1300
1038 1311
1038 1326
1038 1356
1038 1062
1039 1040
1039 1117
1039 1146
1039 1194
1039 1202
1039 1211
1040 1081
1042 1052
1042 1133
1042 1163
1042 1271
1042 1139
1043 1044
1043 1095
1043 1125
1043 1152
1043 1232
1043 1243
1043 1273
1043 1319
1043 1331
1043 1332
1043 1068
1044 1063
1044 1127
1044 1241
1046 1076
1046 1178
1046 1200
1046 1285
1046 1112
1047 1048
1047 1060
1047 1363
1048 1065
1048 1316
1049 1327
1050 1060
1050 1114
1050 1160
1050 1228
1050 1284
1051 1166
1051 1053
1052 1091
1052 1096
1052 1161
1052 1225
1052 1238
1052 1262
1053 1061
1053 1094
1053 1140
1053 1141
1053 1189
1053 1294
1054 1078
1055 1115
1055 1167
1056 1079
1056 1226
1056 1291
1058 1092
1058 1115
1058 1246
1058 1308
1059 1172
1060 1109
1060 1134
1060 1144
1060 1147
1060 1248
1061 1177
1061 1224
1061 1149
1061 1083
1062 1221
1063 1334
1064 1086
1065 1214
1065 1357
1066 1231
1067 1074
1067 1098
1067 1215
1067 1306
1070 1247
1071 1153
1071 1081
1072 1154
1072 1209
1072 1242
1072 1312
1072 1110
1072 1339
1072 1138
1072 1199
1073 1112
1073 1198
1074 1195
1077 1093
1077 1237
1077 1286
1077 1352
1078 1193
1080 1297
1081 1132
1081 1158
1081 1165
1081 1196
1081 1264
1081 1360
1081 1156
1082 1101
1083 1126
1083 1342
1083 1085
1085 1142
1086 1323
1087 1350
1087 1089
1088 1308
1089 1100
1089 1355
1089 1123
1090 1191
1090 1329
1091 1288
1091 1353
1093 1261
1093 1176
1097 1175
1099 1140
1099 1245
1099 1250
1099 1277
1104 1338
1104 1299
1105 1106
1107 1124
1107 1235
1108 1167
1109 1185
1109 1222
1109 1283
1109 1292
1109 1344
1110 1124
1112 1210
1112 1327
1113 1269
1113 1290
1115 1170
1115 1182
1115 1333
1115 1293
1116 1187
1117 1125
1118 1171
1119 1168
1119 1266
1119 1361
1120 1181
1120 1256
1121 1128
1121 1145
1121 1186
1121 1260
1121 1314
1121 1329
1121 1348
1121 1270
1123 1296
1125 1184
1127 1157
1127 1220
1127 1322
1128 1159
1128 1267
1129 1130
1131 1180
1133 1233
1135 1204
1135 1218
1135 1263
1135 1283
1137 1279
1138 1193
1139 1180
1142 1358
1142 1252
1143 1164
1143 1240
1148 1190
1149 1276
1149 1324
1150 1344
1151 1263
1153 1321
1156 1197
1156 1205
1158 1234
1158 1244
1158 1258
1158 1199
1159 1268
1159 1303
1160 1179
1160 1192
1160 1325
1160 1162
1162 1281
1163 1347
1164 1170
1164 1236
1166 1301
1171 1223
1172 1307
1174 1227
1175 1319
1176 1229
1182 1254
1182 1305
1183 1217
1188 1274
1188 1353
1190 1359
1195 1295
1206 1282
1207 1339
1209 1257
1209 1247
1211 1227
1212 1299
1212 1330
1213 1219
1213 1293
1220 1364
1223 1359
1230 1236
1233 1255
1235 1309
1236 1251
1243 1313
1252 1351
1257 1354
1258 1364
1261 1337
1267 1318
1270 1320
1273 1290
1275 1325
1276 1328
1278 1337
1283 1289
1289 1362
1291 1336
1298 1302
1317 1320
1318 1345
1318 1322
1321 1340
1347 1349
378 388
378 401
378 533
378 577
378 757
378 812
378 823
378 857
378 966
378 998
378 695
378 515
379 740
379 380
380 382
380 384
380 385
380 387
380 389
380 443
380 448
380 459
380 471
380 478
380 479
380 540
380 549
380 554
380 555
380 560
380 581
380 616
380 653
380 673
380 681
380 709
380 773
380 785
380 791
380 806
380 809
380 833
380 871
380 878
380 884
380 890
380 901
380 909
380 958
380 993
380 1020
380 422
380 594
380 482
380 602
381 444
381 504
381 836
381 837
381 840
381 903
381 384
381 769
382 403
382 410
382 425
382 483
382 675
382 700
382 737
382 800
382 718
382 466
383 390
383 392
383 403
383 438
383 774
383 1005
383 1029
383 668
383 396
383 437
384 470
384 544
384 552
384 567
384 595
384 689
384 754
384 465
385 469
386 397
386 409
386 423
386 428
386 450
386 480
386 509
386 528
386 580
386 597
386 688
386 729
386 763
386 813
386 847
386 897
386 962
386 964
386 972
386 1006
386 1022
386 869
387 736
387 916
388 410
388 427
388 431
388 458
388 459
388 537
388 543
388 571
388 649
388 839
388 975
388 976
388 727
388 408
389 414
389 430
389 454
389 518
389 590
389 920
389 977
389 875
389 628
389 421
390 716
390 561
391 484
391 505
391 570
391 683
391 713
391 886
391 629
392 417
392 730
392 541
393 427
393 435
393 439
393 542
393 560
393 589
393 744
393 749
393 798
393 832
393 834
393 852
393 862
393 863
393 872
393 880
393 464
394 404
394 530
394 619
394 660
394 747
394 419
395 476
395 538
395 568
395 605
395 868
396 598
396 911
396 949
396 981
397 400
397 514
397 579
397 662
397 924
397 753
398 944
398 550
399 547
399 613
399 691
399 732
401 634
402 418
402 502
403 600
405 428
405 481
405 586
405 642
405 678
405 761
405 827
405 955
405 1007
405 440
405 947
405 463
405 792
406 440
406 946
406 1000
407 429
407 525
407 563
407 588
407 905
407 982
407 1019
407 420
407 564
407 697
408 680
408 829
408 1004
409 507
409 511
410 433
410 734
410 493
411 603
411 887
411 1022
412 499
412 451
413 420
413 568
413 741
414 893
414 953
415 780
415 835
415 1027
416 781
416 917
416 608
418 435
418 497
418 908
419 472
419 727
419 793
419 503
420 462
420 559
420 752
420 1002
420 1007
421 442
421 593
421 933
421 679
422 632
423 460
423 720
423 807
424 499
424 644
424 765
424 942
426 429
426 1013
430 517
430 1030
431 607
432 502
432 870
433 548
433 446
434 633
434 685
434 799
434 838
434 878
434 926
434 963
434 997
435 461
435 516
435 640
435 907
435 945
435 506
436 712
436 823
436 859
436 991
436 674
437 637
437 758
438 948
438 960
438 732
439 445
439 510
439 526
439 702
439 710
439 760
439 779
439 864
441 465
442 449
442 452
442 789
443 520
443 623
443 974
443 557
443 553
444 728
444 531
446 641
446 771
446 850
446 1025
447 813
448 985
449 738
449 1014
449 453
450 457
450 461
450 539
450 650
450 826
451 690
451 844
451 929
451 888
452 636
453 522
453 861
453 928
453 967
455 576
455 753
455 1009
456 686
456 852
456 855
458 475
458 661
458 587
459 474
459 566
459 666
459 746
459 1021
459 656
459 883
459 657
459 562
459 558
459 822
462 705
463 599
464 551
464 663
464 874
465 648
465 866
465 877
465 950
465 925
466 803
466 994
466 569
467 815
467 959
467 663
468 523
468 524
468 527
468 609
468 725
469 684
470 669
470 770
470 818
470 914
470 923
470 989
470 621
470 572
471 745
471 838
471 645
472 845
473 519
473 775
473 923
474 1008
477 529
481 899
481 971
481 1024
481 672
482 851
484 584
485 883
486 908
487 676
488 513
488 545
488 610
488 772
488 626
488 676
489 643
489 693
490 901
491 599
491 601
491 701
491 704
491 1015
492 657
493 915
494 605
494 795
494 867
495 508
495 921
495 954
495 565
496 791
497 639
497 777
497 841
498 891
499 800
500 512
500 573
500 591
500 667
500 756
501 946
502 940
503 574
503 895
506 617
506 848
506 912
506 1028
508 534
508 550
508 532
509 639
512 1011
515 696
515 751
517 783
517 713
519 659
519 778
520 565
521 788
524 682
524 767
525 606
526 927
529 805
529 894
529 774
531 932
531 987
531 546
532 652
532 722
535 711
536 600
536 611
536 934
537 595
541 941
546 891
548 990
549 717
549 970
549 961
553 882
554 592
554 687
555 578
555 830
556 820
556 825
556 715
557 917
558 583
558 952
561 731
562 854
564 984
566 902
568 596
569 759
572 764
573 624
573 918
575 665
575 708
575 980
575 742
575 694
575 788
582 682
583 1012
585 794
585 900
587 983
587 604
590 996
594 965
599 937
600 768
602 819
604 787
605 853
605 1018
607 646
607 935
608 766
609 943
612 942
612 1016
612 618
614 692
614 904
614 921
614 979
615 726
615 856
618 957
620 748
620 819
621 951
622 797
622 875
624 717
625 810
625 994
626 714
626 814
627 651
627 786
627 1023
627 722
628 817
629 978
630 698
630 733
630 776
631 632
635 700
635 898
635 943
635 762
637 986
638 719
638 645
640 664
647 667
647 808
650 956
654 822
655 734
656 670
657 858
658 913
658 832
662 761
666 709
668 885
669 782
671 723
671 790
672 936
674 721
675 931
676 1015
677 909
679 711
684 896
693 988
694 699
694 869
695 846
697 919
703 705
706 879
707 992
707 961
711 968
715 987
716 906
717 799
717 860
717 969
718 938
720 804
722 842
724 970
725 892
726 741
727 750
731 922
731 1001
735 775
739 879
739 973
739 999
742 821
743 762
750 889
752 801
754 849
755 848
758 816
760 865
769 910
772 900
775 780
776 808
777 790
784 954
788 831
792 873
796 811
796 849
802 910
809 876
824 947
828 1011
831 939
843 888
857 930
881 956
885 999
889 1017
902 1010
918 995
925 988
931 1031
941 1026
962 1003
0 32
0 65
0 181
0 209
0 110
0 95
0 247
0 131
1 3
1 29
1 44
1 101
1 120
1 146
1 231
1 248
1 253
1 264
1 272
1 278
1 293
1 294
1 302
1 63
1 107
1 20
2 3
2 4
2 22
2 38
2 57
2 62
2 130
2 137
2 141
2 149
2 157
2 194
2 207
2 256
2 298
2 303
2 326
2 239
2 109
3 11
3 19
3 82
3 142
3 174
3 342
3 36
3 211
3 158
3 167
4 13
4 18
4 54
4 58
4 150
4 182
4 235
4 266
4 246
4 14
5 6
5 17
5 21
5 31
5 48
5 168
5 218
5 280
5 145
7 25
7 28
7 33
7 97
7 131
7 166
7 249
7 307
7 336
7 346
8 276
8 277
9 25
9 46
9 79
9 224
9 227
9 233
10 70
10 15
12 50
12 68
12 203
12 324
12 349
12 16
13 34
13 53
13 55
13 100
13 106
13 177
13 206
13 376
13 357
14 60
14 143
14 223
14 91
14 242
14 331
15 42
15 56
16 113
16 138
16 162
16 199
16 240
16 142
17 81
17 250
18 69
18 269
18 112
19 173
20 89
21 117
22 77
22 160
22 275
22 341
22 372
23 43
23 222
23 319
23 296
24 66
24 76
24 124
24 136
24 145
24 238
24 258
24 285
25 27
25 132
25 122
26 92
26 299
26 203
29 96
30 247
33 45
33 74
33 108
34 133
34 163
34 169
34 226
34 228
34 361
35 80
35 119
36 83
37 103
37 129
37 152
38 259
38 260
39 41
39 84
40 71
40 125
40 176
41 362
42 252
42 236
42 220
43 96
46 144
46 186
46 214
46 225
46 337
46 213
46 188
47 118
47 179
47 344
47 103
49 99
49 180
51 53
51 128
52 236
53 121
54 253
57 283
58 305
59 126
59 183
59 229
59 262
59 328
59 348
61 329
61 366
62 230
63 317
64 102
64 155
64 314
67 82
67 267
67 312
67 368
67 375
67 325
68 321
69 351
71 370
72 138
72 116
73 345
75 226
75 135
77 353
78 296
79 102
80 147
80 284
80 241
81 270
81 291
82 170
84 223
84 218
85 234
85 345
85 159
86 151
86 115
87 115
87 193
87 275
88 159
89 175
89 255
90 255
91 282
93 251
93 273
93 202
93 199
94 123
94 140
94 376
95 310
96 335
98 127
98 213
99 167
99 315
104 205
105 172
107 156
109 254
109 292
110 365
111 176
112 308
114 161
116 190
118 358
122 184
123 286
125 373
128 215
128 257
129 134
129 201
129 219
129 273
129 295
131 217
132 300
135 221
139 238
147 196
147 153
147 243
148 154
149 189
151 191
152 185
153 290
154 200
154 289
154 332
154 347
154 338
158 354
159 348
161 268
161 285
162 323
164 220
164 274
164 360
165 197
165 208
165 320
165 363
165 305
169 352
171 371
172 200
176 232
176 346
177 237
178 219
180 245
184 350
185 263
187 212
187 257
188 210
192 297
192 343
195 288
195 267
198 202
200 327
204 246
205 325
205 339
206 377
208 243
208 322
210 271
211 216
211 281
213 333
221 304
221 371
226 313
228 316
229 341
233 244
237 311
237 359
237 252
237 271
239 287
241 318
242 343
253 367
255 261
257 340
262 309
262 329
265 280
266 355
276 279
276 301
276 357
302 306
318 330
318 334
320 356
320 338
327 374
331 364
353 369
